Sample0	:0.17569124424
Sample1	:0.177419354839
Sample2	:0.209101382488
Sample3	:0.197004608295
Sample4	:0.195852534562
------------
Mean 	:0.191013824885