Sample0	:0.882183908046
Sample1	:0.89367816092
Sample2	:0.870689655172
Sample3	:0.896551724138
Sample4	:0.876436781609
------------
Mean 	:0.883908045977